0 Untitled Model
0 Name:  tst
0 Author:  
1 0 -53.872450 -23.000000 52.310140 -0.642788 0.000000 0.766044 0.000000 1.000000 0.000000 -0.766044 0.000000 -0.642788 2926.dat
1 4 -38.551560 -47.000000 39.454380 -0.642788 0.000000 0.766044 0.000000 1.000000 0.000000 -0.766044 0.000000 -0.642788 3829c01.dat
1 4 -2.714479 -39.000000 35.491640 -0.642788 0.000000 0.766044 0.000000 1.000000 0.000000 -0.766044 0.000000 -0.642788 4079.dat
1 0 53.373700 -79.000000 -37.680120 0.766044 0.000000 0.642788 0.000000 1.000000 0.000000 -0.642788 0.000000 0.766044 93273.dat
1 4 -86.046310 -29.000000 79.307240 0.642788 0.766045 0.000000 0.000000 0.000000 1.000000 0.766044 -0.642789 0.000000 2412b.dat
1 14 85.547550 -29.000000 -64.677220 0.642788 -0.766044 0.000000 0.000000 0.000000 -1.000000 0.766044 0.642788 0.000000 3069b.dat
1 0 68.694670 -39.000000 -50.535940 0.642788 0.000000 -0.766044 0.000000 1.000000 0.000000 0.766044 0.000000 0.642788 2436a.dat
1 36 66.263910 -29.000000 -87.658550 0.000000 -0.766044 0.642788 1.000000 0.000000 0.000000 0.000000 0.642788 0.766044 98138.dat
1 36 104.831200 -29.000000 -41.695880 0.000000 -0.766044 0.642788 1.000000 0.000000 0.000000 0.000000 0.642788 0.766044 98138.dat
1 47 -66.762670 -29.000000 102.288600 0.000000 0.766044 -0.642788 1.000000 0.000000 0.000000 0.000000 -0.642788 -0.766044 98138.dat
1 47 -105.330000 -29.000000 56.325910 0.000000 0.766044 -0.642788 1.000000 0.000000 0.000000 0.000000 -0.642788 -0.766044 98138.dat
1 0 -69.193260 -39.000000 65.165840 -0.642788 0.000000 0.766044 0.000000 1.000000 0.000000 -0.766044 0.000000 -0.642788 2436a.dat
1 0 41.750570 -79.000000 -67.089400 0.766044 0.000000 0.642788 0.000000 1.000000 0.000000 -0.642788 0.000000 0.766044 3245b.dat
1 0 80.317780 -79.000000 -21.126670 0.766044 0.000000 0.642788 0.000000 1.000000 0.000000 -0.642788 0.000000 0.766044 3245b.dat
1 0 68.694670 -79.000000 -50.535940 0.766044 0.000000 0.642788 0.000000 1.000000 0.000000 -0.642788 0.000000 0.766044 93273.dat
1 4 -28.425990 -39.000000 4.849857 -0.642788 0.000000 0.766044 0.000000 1.000000 0.000000 -0.766044 0.000000 -0.642788 4079.dat
1 0 -73.156090 -55.000000 29.328810 -0.642788 0.000000 0.766044 0.000000 1.000000 0.000000 -0.766044 0.000000 -0.642788 50950.dat
1 0 -34.588810 -55.000000 75.291470 -0.642788 0.000000 0.766044 0.000000 1.000000 0.000000 -0.766044 0.000000 -0.642788 50950.dat
1 0 -32.123680 -39.000000 47.114830 0.642788 0.000000 -0.766044 0.000000 1.000000 0.000000 0.766044 0.000000 0.642788 2420.dat
1 0 -44.979440 -39.000000 31.793940 -0.766044 0.000000 -0.642788 0.000000 1.000000 0.000000 0.642788 0.000000 -0.766044 2420.dat
1 0 -61.532890 -39.000000 58.738030 -0.642788 0.000000 0.766044 0.000000 1.000000 0.000000 -0.766044 0.000000 -0.642788 30602.dat
1 0 -0.249351 -31.000000 7.314990 0.766044 0.000000 0.642788 0.000000 1.000000 0.000000 -0.642788 0.000000 0.766044 3030.dat
1 4 27.927300 -39.000000 9.780108 -0.642788 0.000000 0.766044 0.000000 1.000000 0.000000 -0.766044 0.000000 -0.642788 4079.dat
1 4 2.215787 -39.000000 -20.861670 -0.642789 0.000000 0.766045 0.000000 1.000000 0.000000 -0.766045 0.000000 -0.642789 4079.dat
1 15 -87.297440 -18.000000 12.475850 0.766043 0.000000 0.642790 0.000000 1.000000 0.000000 -0.642790 0.000000 0.766043 30027bc01.dat
1 15 -20.447470 -18.000000 92.144450 -0.766044 0.000000 -0.642788 0.000000 1.000000 0.000000 0.642788 0.000000 -0.766044 30027bc01.dat
1 0 53.373780 -23.000000 -37.680190 -0.642788 0.000000 0.766044 0.000000 1.000000 0.000000 -0.766044 0.000000 -0.642788 2926.dat
1 15 19.949010 -18.000000 -77.515100 0.766035 0.000000 0.642792 0.000000 1.000000 0.000000 -0.642790 0.000000 0.766047 30027bc01.dat
1 15 86.798770 -18.000000 2.153398 -0.766037 0.000000 -0.642790 0.000000 1.000000 0.000000 0.642788 0.000000 -0.766044 30027bc01.dat
1 0 -7.909798 -23.000000 13.742860 -0.642788 0.000000 0.766044 0.000000 1.000000 0.000000 -0.766044 0.000000 -0.642788 2926.dat
1 15 -41.334880 -18.000000 -26.091460 0.766041 0.000000 0.642792 0.000000 1.000000 0.000000 -0.642790 0.000000 0.766043 30027bc01.dat
1 15 25.515240 -18.000000 53.577180 -0.766042 0.000000 -0.642790 0.000000 1.000000 0.000000 0.642788 0.000000 -0.766044 30027bc01.dat
