0 Untitled Model
0 Name:  tst
0 Author:  
1 15 -45.824440 -8.000000 26.135970 0.258819 0.000000 0.965926 0.000000 1.000000 0.000000 -0.965926 0.000000 0.258819 3829c01.dat
1 14 69.814250 -9.999998 15.710150 0.258819 -0.965926 0.000000 0.000000 0.000000 1.000000 -0.965926 -0.258819 0.000000 3069b.dat
1 14 54.853520 -9.999998 83.135510 -0.258819 -0.965926 0.000000 0.000004 -0.000001 -1.000000 0.965927 -0.258819 0.000004 3069b.dat
