0 Untitled Model
0 Name:  tst
0 Author:  
1 15 -88.441440 -18.423800 -62.914110 0.819129 0.000000 0.573559 0.000000 1.000000 0.000000 -0.573559 0.000000 0.819130 74967.dat
1 0 -85.000000 -18.000000 -58.000000 -0.573574 0.000000 0.819153 0.000000 1.000000 0.000000 -0.819153 0.000000 -0.573574 30028.dat
1 15 -40.669190 -18.423800 24.488020 -0.819129 0.000000 -0.573560 0.000000 1.000000 0.000000 0.573560 0.000000 -0.819130 74967.dat
1 0 -44.110740 -18.000000 19.573940 0.573577 0.000000 -0.819155 0.000000 1.000000 0.000000 0.819156 0.000000 0.573577 30028.dat
