0 Untitled Model
0 Name:  tst
0 Author:  
0 CustomBrick
1 4 -15.000000 -15.000000 0.000000 0.000000 0.000000 1.000000 0.000000 0.999999 0.000000 -1.000000 0.000000 0.000000 4079.dat
1 406 -7.525200 -36.000000 0.000100 0.000000 0.000000 1.000002 0.000000 0.999999 0.000000 -1.000001 0.000000 0.000000 3815c02.dat
1 2 -7.525200 -68.000000 0.000100 0.000001 0.000000 -1.000000 0.000000 0.999999 0.000000 1.000000 0.000000 0.000001 973.dat
1 2 -7.525200 -59.092800 -15.574700 -0.000001 0.000000 1.000002 -0.169703 0.985495 0.000000 -0.985497 -0.169703 -0.000001 3819.dat
1 2 -7.525200 -59.124200 15.471900 -0.000001 0.000000 1.000002 0.170671 0.985328 0.000000 -0.985330 0.170671 -0.000001 3818.dat
1 14 -16.287800 -42.436400 -23.516600 -0.028897 0.706517 0.707108 -0.198038 0.689333 -0.696850 -0.979770 -0.160171 0.119998 3820.dat
1 14 -17.025200 -41.256400 23.641200 -0.198075 0.678800 0.707109 -0.031329 0.716646 -0.696732 -0.979689 -0.160158 -0.120683 3820.dat
1 14 -7.525200 -92.000000 0.000100 0.000000 0.000000 1.000000 0.000000 0.999999 0.000000 -1.000000 0.000000 0.000000 3626cp8z.dat
1 15 -37.525210 -116.000000 -41.999900 1.000000 0.000000 0.000000 0.000000 1.000000 0.000000 0.000000 0.000000 1.000000 3010.dat
