0 Untitled Model
0 Name:  tst
0 Author:  
1 4 57.000140 -39.000050 -67.000070 0.000000 0.000000 1.000001 0.000000 1.000000 0.000000 -1.000001 0.000000 0.000000 4079.dat
1 406 64.475010 -60.000080 -66.999970 0.000000 0.000000 1.000003 0.000000 1.000000 0.000000 -1.000002 0.000000 0.000000 3815c02.dat
1 2 64.474980 -92.000140 -66.999960 0.000001 0.000000 -1.000001 0.000000 1.000000 0.000000 1.000001 0.000000 0.000001 973.dat
1 2 64.475080 -83.092820 -82.574810 -0.000001 0.000000 1.000003 -0.169703 0.985496 0.000000 -0.985498 -0.169703 -0.000001 3819.dat
1 2 64.475020 -83.124310 -51.528170 -0.000001 0.000000 1.000003 0.170671 0.985329 0.000000 -0.985332 0.170671 -0.000001 3818.dat
1 14 55.712330 -66.436490 -90.516730 -0.028897 0.706517 0.707108 -0.198038 0.689334 -0.696851 -0.979772 -0.160171 0.119998 3820.dat
1 14 54.974960 -65.256480 -43.358850 -0.198076 0.678800 0.707109 -0.031329 0.716647 -0.696733 -0.979691 -0.160158 -0.120683 3820.dat
1 14 64.474980 -116.000200 -66.999970 0.000000 0.000000 1.000001 0.000000 1.000000 0.000000 -1.000001 0.000000 0.000000 3626cp8z.dat
1 15 64.474980 -123.900200 -66.999960 1.000001 0.000000 0.000000 0.000000 1.000001 0.000000 0.000000 0.000000 1.000001 3024.dat
1 0 147.000500 -23.000000 -47.000060 0.000001 0.000000 1.000001 0.000000 1.000000 0.000000 -1.000001 0.000000 0.000001 2926.dat
1 0 7.000067 -23.000000 -47.000050 0.000000 0.000000 1.000001 0.000000 1.000000 0.000000 -1.000001 0.000000 0.000000 2926.dat
1 4 27.000060 -47.000000 -47.000050 0.000000 0.000000 1.000001 0.000000 1.000000 0.000000 -1.000001 0.000000 0.000000 3829c01.dat
1 4 57.000060 -39.000000 -27.000050 0.000000 0.000000 1.000001 0.000000 1.000000 0.000000 -1.000001 0.000000 0.000000 4079.dat
1 0 147.000200 -79.000000 -47.000070 1.000001 0.000000 0.000000 0.000000 1.000000 0.000000 0.000000 0.000000 1.000001 93273.dat
1 4 -34.999960 -29.000000 -47.000040 0.000000 1.000002 0.000000 0.000000 0.000000 1.000000 1.000001 0.000000 0.000000 2412b.dat
1 14 189.000100 -29.000000 -47.000070 0.000000 -1.000001 0.000000 0.000000 0.000000 -1.000000 1.000001 0.000000 0.000000 3069b.dat
1 0 167.000200 -39.000000 -47.000070 0.000000 0.000000 -1.000001 0.000000 1.000000 0.000000 1.000001 0.000000 0.000000 2436a.dat
1 36 189.000100 -29.000000 -77.000100 0.000000 -1.000001 0.000000 1.000000 0.000000 0.000000 0.000000 0.000000 1.000001 98138.dat
1 36 189.000100 -29.000000 -17.000040 0.000000 -1.000001 0.000000 1.000000 0.000000 0.000000 0.000000 0.000000 1.000001 98138.dat
1 47 -34.999990 -29.000000 -17.000010 0.000000 1.000001 0.000000 1.000000 0.000000 0.000000 0.000000 0.000000 -1.000001 98138.dat
1 47 -34.999960 -29.000000 -77.000070 0.000000 1.000001 0.000000 1.000000 0.000000 0.000000 0.000000 0.000000 -1.000001 98138.dat
1 0 -12.999850 -39.000000 -47.000050 0.000000 0.000000 1.000001 0.000000 1.000000 0.000000 -1.000001 0.000000 0.000000 2436a.dat
1 0 157.000200 -79.000000 -77.000090 1.000001 0.000000 0.000000 0.000000 1.000000 0.000000 0.000000 0.000000 1.000001 3245b.dat
1 0 157.000100 -79.000000 -17.000040 1.000001 0.000000 0.000000 0.000000 1.000000 0.000000 0.000000 0.000000 1.000001 3245b.dat
1 0 7.000067 -55.000000 -77.000080 0.000000 0.000000 1.000001 0.000000 1.000000 0.000000 -1.000001 0.000000 0.000000 50950.dat
1 0 7.000067 -55.000000 -17.000020 0.000000 0.000000 1.000001 0.000000 1.000000 0.000000 -1.000001 0.000000 0.000000 50950.dat
1 0 27.000060 -39.000000 -37.000050 0.000000 0.000000 -1.000001 0.000000 1.000000 0.000000 1.000001 0.000000 0.000000 2420.dat
1 0 27.000060 -39.000000 -57.000060 -1.000001 0.000000 0.000000 0.000000 1.000000 0.000000 0.000000 0.000000 -1.000001 2420.dat
1 0 -2.999939 -39.000000 -47.000050 0.000000 0.000000 1.000001 0.000000 1.000000 0.000000 -1.000001 0.000000 0.000000 30602.dat
1 0 77.000170 -31.000000 -47.000060 1.000001 0.000000 0.000000 0.000000 1.000000 0.000000 0.000000 0.000000 1.000001 3030.dat
1 4 97.000150 -39.000000 -27.000050 0.000000 0.000000 1.000001 0.000000 1.000000 0.000000 -1.000001 0.000000 0.000000 4079.dat
1 4 97.000000 -39.000000 -67.000000 0.000000 0.000000 1.000000 0.000000 1.000000 0.000000 -1.000000 0.000000 0.000000 4079.dat
1 15 7.000067 -18.000000 -99.000130 1.000001 0.000000 0.000003 0.000000 1.000000 0.000000 -0.000003 0.000000 1.000001 30027bc01.dat
1 15 147.000200 -18.000000 -99.000140 1.000001 0.000000 0.000003 0.000000 1.000000 0.000000 -0.000003 0.000000 1.000001 30027bc01.dat
1 15 7.000067 -18.000000 4.999996 -1.000001 0.000000 0.000000 0.000000 1.000000 0.000000 0.000000 0.000000 -1.000001 30027bc01.dat
1 15 147.000100 -18.000000 4.999979 -1.000001 0.000000 0.000000 0.000000 1.000000 0.000000 0.000000 0.000000 -1.000001 30027bc01.dat
1 0 167.000200 -87.000000 -47.000070 0.000001 0.000000 1.000001 0.000000 1.000000 0.000000 -1.000001 0.000000 0.000001 2926.dat
1 15 167.000200 -82.000000 -99.000150 1.000001 0.000000 0.000003 0.000000 1.000000 0.000000 -0.000003 0.000000 1.000001 30027bc01.dat
1 15 167.000100 -82.000000 4.999995 -1.000001 0.000000 0.000000 0.000000 1.000000 0.000000 0.000000 0.000000 -1.000001 30027bc01.dat
